data/imgs/Bob_Beauprez_0001.jpg 61 72 130 130 2 10 36 46 53 43 52 91 92 84 73 101 68 82 78 40 95 38 55 70 78 68 
data/imgs/Ian_Thorpe_0007.jpg 66 71 127 127 -2 10 26 37 49 39 38 85 70 91 60 98 61 85 69 43 80 48 53 70 74 72 
data/imgs/Angela_Bassett_0004.jpg 56 68 139 139 2 10 40 44 59 48 51 91 90 94 64 109 65 82 83 51 104 50 54 72 81 74 
data/imgs/Jean_Chretien_0011.jpg 57 69 134 134 -2 10 36 43 55 42 49 85 80 85 69 97 70 81 77 43 92 44 57 67 78 68 
data/imgs/Michael_Chiklis_0003.jpg 67 76 108 108 2 10 33 28 44 32 39 69 73 74 47 90 47 67 61 35 81 38 36 53 58 54 
data/imgs/Carlos_Ortega_0001.jpg 60 70 130 130 0 10 36 47 55 42 54 90 86 86 73 97 70 86 76 39 94 37 55 70 82 68 
data/imgs/Bob_Hayes_0001.jpg 54 67 141 141 2 10 40 47 57 48 45 88 89 95 62 111 63 86 85 50 105 53 52 71 81 76 
data/imgs/Agbani_Darego_0001.jpg 50 62 152 152 2 10 44 50 62 51 58 93 92 92 72 104 72 87 87 50 110 47 58 76 81 76 
data/imgs/Tiger_Woods_0018.jpg 51 64 147 147 0 10 34 55 62 53 47 99 98 99 70 100 71 92 88 52 114 52 55 79 88 79 
data/imgs/Marie-Reine_Le_Gougne_0001.jpg 62 72 123 123 -2 10 31 39 51 39 51 82 80 85 68 88 69 77 74 44 91 44 58 64 75 65 
data/imgs/Elton_John_0001.jpg 57 69 133 133 -1 10 38 41 54 41 50 82 88 77 71 85 70 78 77 39 94 37 57 65 78 62 
data/imgs/Dario_Camuffo_0001.jpg 60 69 132 132 0 10 36 46 53 41 45 88 88 84 66 93 65 82 73 40 96 41 53 68 80 64 
data/imgs/Dick_Vermeil_0002.jpg 57 69 140 140 1 10 36 40 56 41 52 88 89 87 69 97 67 82 80 42 103 40 52 65 81 64 
data/imgs/George_HW_Bush_0008.jpg 58 68 136 136 -2 10 37 45 58 45 43 91 82 95 63 102 67 89 78 45 95 47 57 73 81 75 
data/imgs/Nicolas_Escude_0002.jpg 64 72 127 127 0 10 34 29 50 35 37 78 68 83 51 91 54 77 73 43 88 46 47 64 65 69 
data/imgs/Naomi_Campbell_0002.jpg 61 72 130 130 0 10 26 40 48 44 47 91 81 89 64 102 65 85 75 42 96 39 51 72 76 72 
data/imgs/Keanu_Reeves_0005.jpg 57 68 139 139 2 10 40 36 59 39 43 87 80 91 55 96 59 81 75 40 106 44 52 68 70 69 
data/imgs/Charlie_Zaa_0002.jpg 49 66 145 145 0 10 45 47 61 46 60 86 98 82 80 98 77 78 86 44 102 42 64 70 87 67 
data/imgs/Laura_Bush_0008.jpg 54 68 139 139 2 10 36 48 52 48 55 90 91 86 72 98 68 83 79 42 99 40 55 71 77 68 
data/imgs/Bono_0002.jpg 59 65 134 134 0 10 38 47 54 46 55 85 89 80 73 87 70 80 78 41 96 36 59 71 79 67 